KNN
              precision    recall  f1-score   support

           0     0.3521    0.4000    0.3745       125
           1     0.3958    0.3585    0.3762       106
           2     0.3022    0.3500    0.3243       120
           3     0.3364    0.2880    0.3103       125
           4     0.3254    0.3280    0.3267       125
           5     0.4322    0.4679    0.4493       109
           6     0.3800    0.3486    0.3636       109
           7     0.6638    0.6160    0.6390       125
           8     0.3830    0.4320    0.4060       125
           9     0.2453    0.2131    0.2281       122

    accuracy                         0.3804      1191
   macro avg     0.3816    0.3802    0.3798      1191
weighted avg     0.3814    0.3804    0.3798      1191

Fitting 5 folds for each of 90 candidates, totalling 450 fits
SVM
              precision    recall  f1-score   support

           0     0.4453    0.4560    0.4506       125
           1     0.5152    0.4811    0.4976       106
           2     0.4395    0.5750    0.4982       120
           3     0.4942    0.6800    0.5724       125
           4     0.4508    0.4400    0.4453       125
           5     0.6262    0.6147    0.6204       109
           6     0.4679    0.4679    0.4679       109
           7     0.8556    0.6160    0.7163       125
           8     0.7041    0.5520    0.6188       125
           9     0.4679    0.4180    0.4416       122

    accuracy                         0.5306      1191
   macro avg     0.5467    0.5301    0.5329      1191
weighted avg     0.5478    0.5306    0.5335      1191

MLP, lbfgs
              precision    recall  f1-score   support

           0     0.4155    0.4720    0.4419       125
           1     0.5152    0.4811    0.4976       106
           2     0.4489    0.6583    0.5338       120
           3     0.5096    0.6400    0.5674       125
           4     0.5701    0.4880    0.5259       125
           5     0.7831    0.5963    0.6771       109
           6     0.4731    0.4037    0.4356       109
           7     0.7864    0.6480    0.7105       125
           8     0.7701    0.5360    0.6321       125
           9     0.4097    0.4836    0.4436       122

    accuracy                         0.5424      1191
   macro avg     0.5682    0.5407    0.5465      1191
weighted avg     0.5683    0.5424    0.5474      1191

MLP, sgd
              precision    recall  f1-score   support

           0     0.4539    0.5520    0.4982       125
           1     0.4800    0.4528    0.4660       106
           2     0.4792    0.5750    0.5227       120
           3     0.4966    0.5840    0.5368       125
           4     0.4828    0.4480    0.4647       125
           5     0.7386    0.5963    0.6599       109
           6     0.4455    0.4495    0.4475       109
           7     0.7757    0.6640    0.7155       125
           8     0.6774    0.5040    0.5780       125
           9     0.4254    0.4672    0.4453       122

    accuracy                         0.5306      1191
   macro avg     0.5455    0.5293    0.5335      1191
weighted avg     0.5459    0.5306    0.5343      1191

MLP, adam
              precision    recall  f1-score   support

           0     0.4408    0.5360    0.4838       125
           1     0.5921    0.4245    0.4945       106
           2     0.3962    0.7000    0.5060       120
           3     0.5893    0.5280    0.5570       125
           4     0.6329    0.4000    0.4902       125
           5     0.7727    0.4679    0.5829       109
           6     0.4214    0.5413    0.4739       109
           7     0.7850    0.6720    0.7241       125
           8     0.6857    0.5760    0.6261       125
           9     0.4366    0.5082    0.4697       122

    accuracy                         0.5374      1191
   macro avg     0.5753    0.5354    0.5408      1191
weighted avg     0.5755    0.5374    0.5422      1191

random forest
              precision    recall  f1-score   support

           0     0.4586    0.4880    0.4729       125
           1     0.5897    0.4340    0.5000       106
           2     0.4931    0.5917    0.5379       120
           3     0.4884    0.5040    0.4961       125
           4     0.6800    0.2720    0.3886       125
           5     0.7895    0.5505    0.6486       109
           6     0.3380    0.4404    0.3825       109
           7     0.8100    0.6480    0.7200       125
           8     0.6018    0.5440    0.5714       125
           9     0.3053    0.5656    0.3966       122

    accuracy                         0.5046      1191
   macro avg     0.5554    0.5038    0.5114      1191
weighted avg     0.5556    0.5046    0.5117      1191

DT
              precision    recall  f1-score   support

           0     0.2773    0.2640    0.2705       125
           1     0.3333    0.2264    0.2697       106
           2     0.3458    0.3083    0.3260       120
           3     0.2188    0.1680    0.1900       125
           4     0.2537    0.1360    0.1771       125
           5     0.5942    0.3761    0.4607       109
           6     0.1543    0.2294    0.1845       109
           7     0.5366    0.5280    0.5323       125
           8     0.2976    0.4880    0.3697       125
           9     0.2749    0.3852    0.3208       122

    accuracy                         0.3123      1191
   macro avg     0.3286    0.3109    0.3101      1191
weighted avg     0.3274    0.3123    0.3103      1191